#
#	Note: This file may not always be based on the newest data.
#
#	Please see data/liber-master for the most up to date transcription.
#

Section: 0

Words: 45 // FChars: 184 // CRC: 11417

ᚱ-ᛝᚱᚪᛗᚹ-ᛄᛁᚻᛖᛁᛡᛁ-ᛗᚫᚣᚹ-ᛠᚪᚫᚾ-ᚣᛖᛈ-ᛄᚫᚫᛞ-ᛁᛉᛞᛁᛋᛇ-ᛝᛚᚱᛇ-ᚦᚫᛡ-ᛞᛗᚫᛝ-ᛇᚫ-ᛄᛁ-ᛇᚪᛡᛁ-ᛇᛁᛈᛇ-ᚣᛁ-ᛞᛗᚫᛝᚻᛁᚳᛟᛁ-ᛠᛖᛗᚳ-ᚦᚫᛡᚪ-ᛇᚪᛡᚣ-ᛁᛉᛋᛁᚪᛖᛁᛗᛞᛁ-ᚦᚫᛡᚪ-ᚳᚠᚣ-ᚳᚫ-ᛗᚫᛇ-ᛁᚳᛖᛇ-ᚫᚪ-ᛞᛚᚱᚹᛁ-ᚣᛖᛈ-ᛄᚫᚫᛞ-ᚫᚪ-ᚣᛁ-ᚾᛁᛈᛈᚱᛟᛁ-ᛞᚫᛗᛇᚱᛖᛗᛁᚳ-ᛝᛖᚣᛖᛗ-ᛁᛖᚣᛁᚪ-ᚣᛁ-ᛝᚫᚪᚳᛈ-ᚫᚪ-ᚣᛁᛖᚪ-ᛗᛡᚾᛄᛁᚪᛈ-ᛠᚫᚪ-ᚱᚻᚻ-ᛖᛈ-ᛈᚱᛞᚪᛁᚳ

A  WARN(I)NG  BELIEUE  NOTH(I)NG  FROM  THIS  BOOC  EXCEPT  WHAT  YOU  CNOW  TO  BE  TRUE  TEST  THE  CNOWLEDGE  FIND  YOUR  TRUTH  EXPERIENCE  YOUR  DEATH  DO  NOT  EDIT  OR  CHA(I)NGE  THIS  BOOC  OR  THE  MESSAGE  CONTAINED  WITHIN  EITHER  THE  WORDS  OR  THEIR  NUMBERS  FOR  ALL  IS  SACRED

97,  19,97,11,29,79,  61,67,73,31,67,3,67,  29,7,5,79,  2,11,7,71,  5,31,53,  61,7,7,13,  67,47,13,67,43,59,  19,23,97,59,  103,7,3,  13,29,7,19,  59,7,  61,67,  59,11,3,67,  59,67,53,59,  5,67,  13,29,7,19,73,67,89,17,67,  2,31,29,89,  103,7,3,11,  59,11,3,5,  67,47,43,67,11,31,67,29,13,67,  103,7,3,11,  89,109,5,  89,7,  29,7,59,  67,89,31,59,  7,11,  13,23,97,79,67,  5,31,53,  61,7,7,13,  7,11,  5,67,  71,67,53,53,97,17,67,  13,7,29,59,97,31,29,67,89,  19,31,5,31,29,  67,31,5,67,11,  5,67,  19,7,11,89,53,  7,11,  5,67,31,11,  29,3,71,61,67,11,53,  2,7,11,  97,73,73,  31,53,  53,97,13,11,67,89

97, 235, 369, 120, 91, 89, 88, 296, 198, 113, 68, 66, 128, 140, 238, 72, 381, 151, 124, 78, 442, 124, 203, 96, 95, 246, 18, 279, 89, 88, 18, 72, 425, 421, 115, 181, 179, 18, 114, 295, 20, 243, 84, 330

5,22,5,25,20,8,12,11,9,19,11,28,11,20,26,27,8,29,25,26,10,27,19,14,12,26,26,24,11,15,24,11,16,13,22,21,5,13,3,26,28,24,20,26,22,13,26,12,11,13,25,28,11,13,11,14,13,27,11,24,20,26,22,9,11,6,23,11,29,19,20,6,3,26,28,25,13,25,28,27,11,15,16,11,25,19,11,20,24,11,3,26,28,25,6,1,27,6,26,20,26,13,11,6,19,13,26,25,24,21,5,8,11,27,19,14,12,26,26,24,26,25,27,11,10,11,14,14,5,23,11,24,26,20,13,5,19,20,11,6,22,19,27,19,20,11,19,27,11,25,27,11,22,26,25,6,14,26,25,27,11,19,25,20,28,10,12,11,25,14,29,26,25,5,9,9,19,14,14,5,24,25,11,6



Section: 1

Words: 124 // FChars: 515 // CRC: 26020

ᚢᛠᛝᛋᛇᚠᚳ-ᚱᛇᚢᚷᛈᛠᛠ-ᚠᚹᛉᛏᚳᛚᛠ-ᚣᛗ-ᛠᛇ-ᛏᚳᚾᚫ-ᛝᛗᛡᛡᛗᛗᚹ-ᚫᛈᛞᛝᛡᚱ-ᚩᛠ-ᛡᛗᛁ-ᚠF-ᛖᚢᛝ-ᛇᚢᚫ-ᚣᛈ-ᚱᚫ-ᛁᛈᚫ-ᚳᚫ-ᚫᚾᚹ-ᛒᛉᛗᛞ-ᚱᛡᛁ-Fᛈᚳ-ᛇᛇᚫᚳ-ᚱᚦᛈ-Fᛄᛗᚩ-ᛇᚳᚹᛡ-ᛒᚫᚹ-ᛒᛠᛚᛋ-ᚱᚣ-ᛄᚫ-ᚱ-ᛗᚳᚦᛇᚫᛏᚳᛈᚹ-ᛗᚷᛇ-ᚳᛝᛈᚢ-ᛇᚳ-ᚱᛖᚹ-ᛡᛈᛁ-ᛒᚣᛒᛉ-Fᛚᛁᚱ-ᚱᛗ-ᚳᚷᛒ-ᚣᚱ-ᚳᚠᚢ-ᚦᛈᛡᛄᚹᛏᚠᛠ-ᛄᚷᛒ-ᚫᚦFFᛠᛈᚦ-ᛈᚠᚪᛉ-ᛄᛗᛖᛈᛝᛋᚩᛋᛗ-ᚹᛇᛄᛚ-ᚹᛉᚢᚦᚫᚹᛗᚦ-ᛞᚣᛄᚳ-ᛋᛡᛉᚩᛝᚱᛗᛒᚹ-ᚱᛗᛁ-ᛞᚣᛄᚳ-ᛉᚻᚢᚣᛈᛚ-ᛄᛝᚣᛗᚠᛄᛈᛇᚢᛡ-ᚹᛇᛄ-ᛞᚹᛉᚢ-ᚪᛚᚪᛋᛗᛡᛇᛉ-ᚫᛗ-ᛡᛗᛁ-ᛈᚣ-ᚫᛗᚢF-ᛗᚣ-ᚣᛇ-ᚫᛉᚱᛄᛋᛖ-ᛖᚹᚾ-ᛞᛄᚢᛋᛉᚣᛏᛖᛏᛗ-ᛇᚱᚣ-ᛞᛋ-ᚾᛖᚫᛞᛡ-ᛈᛒᚢᚾᛠᛝᛄᛡᚫ-ᛄᚷᛒ-ᛈᚦᛉ-ᛈᚾᚹᚹᛁᛚᛗᚫ-ᛚᛈᛒᚢᚩᛠᛡ-ᚱᛡᛠᚠ-ᚱᚱᛇᛄᛗ-ᚱᛗᛁ-ᛞᚣᛄ-ᚻᛚᚠᚢ-ᛄᚢᛡᛚᚦᛠ-ᛇᛄᚩᛇᚱᚱᛗ-ᚢᛗᛋᚳ-ᛠᛇ-ᛚᛁᚫᚫᚳᛚ-ᚹᛁ-ᛚᛏ-ᛈᛖᚢᛈ-ᛠᛡᛈᚦᛏᛒ-ᛏᛗᛖ-ᚢᛚᚩᛚᛖ-ᛇᛄᛈ-ᚢᛠ-ᛚᚳᚷ-ᛠᚷᛋᛡᛏᛗ-ᛒᛗᚱᚦᚠᛈ-ᚹᚱᛄ-ᚱᛉᚳ-ᛝ-ᛄᛠᛟ-ᛄᛖᚣᛗ-ᛞᚣᛄᚳᚫᛡᚢF-ᛈᚠᚪ-ᚳᚳᛠ-ᚱ-ᚢᛄᚱ-ᚪᛗᛒᛈ-ᚷᛈᛒᚢᚾᛠᛝF-ᚾᛉᛖ-ᚣᚷᛁᛠᛝᚢᛗᛏᚳᚷᛠᛠ-ᛄᚫ-ᛒᛈᚹᛞ-Fᚣᛉ-ᚫᚢᚠ-ᛇᛄᛈ-ᛉᛚᚦᛠᚪ-ᛚᚦ-ᚳᚣᚢᛡ-ᚳᛖ-ᛚᚫᛇᛁᛉᚦᛋᚫᚻᚫ-ᚦᚣᚠᛚᚳᛖᚱ-ᛈᚠᚪᛉ-ᚱᛒᛖ-ᚫᚳᛒF

WELCOME  WELCOME  PILGRIM  TO  THE  GREAT  JOURNEY  TOWARD  THE  END  OF  ALL  TH(I)NGS  IT  IS  NOT  AN  EASY  TRIP  BUT  FOR  THOSE  WHO  FIND  THEIR  WAY  HERE  IT  IS  A  NECESSARY  ONE  ALO(I)NG  THE  WAY  YOU  WILL  FIND  AN  END  TO  ALL  STRUGGLE  AND  SUFFER(I)NG  YOUR  INNOCENCE  YOUR  ILLUSI(A/O)NS  YOUR  CERTAINTY  AND  YOUR  REALITY  ULTIMATELY  YOU  WILL  DISCOUER  AN  END  TO  SELF  IT  IS  THROUGH  THIS  PILGRIMAGE  THAT  WE  SHAPE  OURSELUES  AND  OUR  REALITIES  JOURNEY  DEEP  WITHIN  AND  YOU  WILL  ARRIUE  OUTSIDE  LICE  THE  INSTAR  IT  IS  ONLY  THROUGH  GO(I)NG  WITHIN  THAT  WE  MAY  EMERGE  WIDSOM  YOU  ARE  A  BE(I)NG  UNTO  YOURSELF  YOU  ARE  A  LAW  UNTO  YOURSELF  EACH  INTELLIGENCE  IS  HOLY  FOR  ALL  THAT  LIUES  IS  HOLY  AN  INSTRUCTI(A/O)N  COMMAND  YOUR  OWN  SELF

19,67,73,13,7,71,67,  19,67,73,13,7,71,67,  43,31,73,17,11,31,71,  59,7,  5,67,  17,11,109,59,  37,7,3,11,29,67,103,  59,7,19,97,11,89,  5,67,  67,29,89,  7,F  97,73,73,  5,79,53,  31,59,  31,53,  29,7,59,  97,29,  109,53,103,  59,11,31,43,  61,3,59,  F7,11,  5,7,53,67,  19,23,7,  F31,29,89,  5,67,31,11,  19,97,103,  23,67,11,67,  31,59,  31,53,  97,  29,67,13,67,53,53,97,11,103,  7,29,67,  97,73,7,79,  5,67,  19,97,103,  103,7,3,  19,31,73,73,  F31,29,89,  97,29,  67,29,89,  59,7,  97,73,73,  53,59,11,3,17,17,73,67,  97,29,89,  53,3,FF67,11,79,  103,7,3,11,  31,29,29,7,13,67,29,13,67,  103,7,3,11,  31,73,73,3,53,107,29,53,  103,7,3,11,  13,67,11,59,97,31,29,59,103,  97,29,89,  103,7,3,11,  11,109,73,31,59,103,  3,73,59,31,71,97,59,67,73,103,  103,7,3,  19,31,73,73,  89,31,53,13,7,3,67,11,  97,29,  67,29,89,  59,7,  53,67,73,F  31,59,  31,53,  5,11,7,3,17,23,  5,31,53,  43,31,73,17,11,31,71,97,17,67,  5,97,59,  19,67,  53,23,97,43,67,  7,3,11,53,67,73,3,67,53,  97,29,89,  7,3,11,  11,109,73,31,59,31,67,53,  37,7,3,11,29,67,103,  89,67,67,43,  19,31,5,31,29,  97,29,89,  103,7,3,  19,31,73,73,  97,11,11,31,3,67,  7,3,59,53,31,89,67,  73,31,13,67,  5,67,  31,29,53,59,97,11,  31,59,  31,53,  7,29,73,103,  5,11,7,3,17,23,  17,7,79,  19,31,5,31,29,  5,97,59,  19,67,  71,97,103,  67,71,67,11,17,67,  19,31,89,53,7,71,  103,7,3,  97,11,67,  97,  61,67,79,  3,29,59,7,  103,7,3,11,53,67,73,F  103,7,3,  97,11,67,  97,  73,97,19,  3,29,59,7,  103,7,3,11,53,67,73,F  109,13,23,  31,29,59,67,73,73,31,17,67,29,13,67,  31,53,  23,7,73,103,  F7,11,  97,73,73,  5,97,59,  73,31,3,67,53,  31,53,  23,7,73,103,  97,29,  31,29,53,59,11,3,13,59,107,29,  13,7,71,71,97,29,89,  103,7,3,11,  7,19,29,  53,67,73,F

317, 317, 277, 66, 72, 196, 257, 282, 72, 185, 7, 243, 137, 90, 84, 95, 126, 265, 144, 123, 18, 132, 49, 149, 114, 219, 168, 90, 84, 97, 493, 103, 256, 72, 219, 113, 196, 149, 126, 185, 66, 243, 300, 215, 213, 124, 285, 124, 422, 124, 469, 215, 124, 386, 636, 113, 196, 274, 126, 185, 66, 193, 90, 84, 66, 89, 458, 161, 86, 283, 337, 215, 21, 434, 257, 266, 115, 215, 113, 196, 220, 309, 184, 72, 280, 90, 84, 212, 66, 103, 115, 161, 86, 271, 300, 270, 113, 175, 97, 207, 98, 317, 113, 175, 97, 189, 98, 317, 145, 556, 84, 206, 18, 243, 161, 227, 84, 206, 126, 394, 377, 124, 55, 193

8,19,21,6,4,20,19,8,19,21,6,4,20,19,14,11,21,7,5,11,20,17,4,3,19,7,5,29,17,12,4,2,5,10,19,27,17,4,8,25,5,24,3,19,19,10,24,4,'F',25,21,21,3,22,16,11,17,11,16,10,4,17,25,10,29,16,27,17,5,11,14,18,2,17,'F',4,5,3,4,16,19,8,9,4,'F',11,10,24,3,19,11,5,8,25,27,9,19,5,19,11,17,11,16,25,10,19,6,19,16,16,25,5,27,4,10,19,25,21,4,22,3,19,8,25,27,27,4,2,8,11,21,21,'F',11,10,24,25,10,19,10,24,17,4,25,21,21,16,17,5,2,7,7,21,19,25,10,24,16,2,'F','F',19,5,22,27,4,2,5,11,10,10,4,6,19,10,6,19,27,4,2,5,11,21,21,2,16,28,10,16,27,4,2,5,6,19,5,17,25,11,10,17,27,25,10,24,27,4,2,5,5,29,21,11,17,27,2,21,17,11,20,25,17,19,21,27,27,4,2,8,11,21,21,24,11,16,6,4,2,19,5,25,10,19,10,24,17,4,16,19,21,'F',11,17,11,16,3,5,4,2,7,9,3,11,16,14,11,21,7,5,11,20,25,7,19,3,25,17,8,19,16,9,25,14,19,4,2,5,16,19,21,2,19,16,25,10,24,4,2,5,5,29,21,11,17,11,19,16,12,4,2,5,10,19,27,24,19,19,14,8,11,3,11,10,25,10,24,27,4,2,8,11,21,21,25,5,5,11,2,19,4,2,17,16,11,24,19,21,11,6,19,3,19,11,10,16,17,25,5,11,17,11,16,4,10,21,27,3,5,4,2,7,9,7,4,22,8,11,3,11,10,3,25,17,8,19,20,25,27,19,20,19,5,7,19,8,11,24,16,4,20,27,4,2,25,5,19,25,18,19,22,2,10,17,4,27,4,2,5,16,19,21,'F',27,4,2,25,5,19,25,21,25,8,2,10,17,4,27,4,2,5,16,19,21,'F',29,6,9,11,10,17,19,21,21,11,7,19,10,6,19,11,16,9,4,21,27,'F',4,5,25,21,21,3,25,17,21,11,2,19,16,11,16,9,4,21,27,25,10,11,10,16,17,5,2,6,17,28,10,6,4,20,20,25,10,24,27,4,2,5,4,8,10,16,19,21,'F'



Section: 2

Words: 18 // FChars: 81 // CRC: 3754

ᛋᚩᛗᛖ-ᚹᛁᛋᛞᚩᛗ-ᚦᛖ-ᛈᚱᛁᛗᛖᛋ-ᚪᚱᛖ-ᛋᚪᚳᚱᛖᛞ-ᚦᛖ-ᛏᚩᛏᛁᛖᚾᛏ-ᚠᚢᚾᚳᛏᛡᚾ-ᛁᛋ-ᛋᚪᚳᚱᛖᛞ-ᚪᛚᛚ-ᚦᛝᛋ-ᛋᚻᚩᚢᛚᛞ-ᛒᛖ-ᛖᚾᚳᚱᚣᛈᛏᛖᛞ-ᚳᚾᚩᚹ-ᚦᛁᛋ

SOME  WISDOM  THE  PRIMES  ARE  SACRED  THE  TOTIENT  FUNCTI(A/O)N  IS  SACRED  ALL  TH(I)NGS  SHOULD  BE  ENCRYPTED  CNOW  THIS

53,7,71,67,  19,31,53,89,7,71,  5,67,  43,11,31,71,67,53,  97,11,67,  53,97,13,11,67,89,  5,67,  59,7,59,31,67,29,59,  2,3,29,13,59,107,29,  31,53,  53,97,13,11,67,89,  97,73,73,  5,79,53,  53,23,7,3,73,89,  61,67,  67,29,13,11,103,43,59,67,89,  13,29,7,19,  5,31,53

198, 270, 72, 276, 175, 330, 72, 311, 242, 84, 330, 243, 137, 248, 128, 481, 68, 89

16,4,20,19,8,11,16,24,4,20,3,19,14,5,11,20,19,16,25,5,19,16,25,6,5,19,24,3,19,17,4,17,11,19,10,17,1,2,10,6,17,28,10,11,16,16,25,6,5,19,24,25,21,21,3,22,16,16,9,4,2,21,24,18,19,19,10,6,5,27,14,17,19,24,6,10,4,8,3,11,16



Section: 3

Words: 208 // FChars: 780 // CRC: 44089

ᚹ-ᚣᛠᚹᛟ-ᚹ-ᛇᚹᛟ-ᚻᛈᚣᛝᚻᛈᚻ-ᛋᛠ-ᚫᛠ-ᚹᛟᚻ-ᛏᛋᚢᚻᚳ-ᚪᛝᚠ-ᚹ-ᛇᚹᛏᛋᛈᛡ-ᛞᛈ-ᚪᛈᛟᛋ-ᛋᛠ-ᚠᛈ-ᚻᛠᛠᛡ-ᛠᚦ-ᚠᛈ-ᛇᚹᛏᛋᛈᛡ-ᚪᛞᛠ-ᚹᛡᛈ-ᚳᛠᚢ-ᚪᛞᛠ-ᚪᛝᛏᛞᛈᛏ-ᛋᛠ-ᛏᛋᚢᚻᚳ-ᛞᛈᛡᛈ-ᚹᛏᚣᛈᚻ-ᚠᛈ-ᛇᚹᛏᛋᛈᛡ-ᚠᛈ-ᛏᛋᚢᚻᛈᛟᛋ-ᛋᛠᛄᚻ-ᚠᛈ-ᛇᚹᛏᛋᛈᛡ-ᛞᛝᛏ-ᛟᚹᛇᛈ-ᚠᚹᛋ-ᛝᛏ-ᛟᛠᛋ-ᚪᛞᚹᛋ-ᚳᛠᚢ-ᚹᛡᛈ-ᚠᚹᛋ-ᛝᛏ-ᛠᛟᛄᚳ-ᚪᛞᚹᛋ-ᚳᛠᚢ-ᚹᛡᛈ-ᚣᚹᛄᛄᛈᚻ-ᚪᛞᛠ-ᚹᛡᛈ-ᚳᛠᚢ-ᚪᛞᛠ-ᚪᛝᛏᛞᛈᛏ-ᛋᛠ-ᛏᛋᚢᚻᚳ-ᛞᛈᛡᛈ-ᛞᛈ-ᚹᛏᚣᛈᚻ-ᚹᚫᚹᛝᛟ-ᚠᛈ-ᛇᚹᛟ-ᚠᛠᚢᚫᛞᛋ-ᚦᛠᛡ-ᚹ-ᛇᛠᛇᛈᛟᛋ-ᚹᛟᚻ-ᛡᛈᛖᛄᛝᛈᚻ-ᛝ-ᚹᛇ-ᚹ-ᛖᛡᛠᚦᛈᛏᛏᛠᛡ-ᚠᚹᛋ-ᛝᛏ-ᚪᛞᚹᛋ-ᚳᛠᚢ-ᚻᛠ-ᛟᛠᛋ-ᚪᛞᚹᛋ-ᚳᛠᚢ-ᚹᛡᛈ-ᛡᛈᛖᛄᛝᛈᚻ-ᚠᛈ-ᛇᚹᛏᛋᛈᛡ-ᚪᛞᛠ-ᚹᛡᛈ-ᚳᛠᚢ-ᚪᛞᛠ-ᚪᛝᛏᛞᛈᛏ-ᛋᛠ-ᛏᛋᚢᚻᚳ-ᛞᛈᛡᛈ-ᚣᛠᛟᚦᚢᛏᛈᚻ-ᚠᛈ-ᛇᚹᛟ-ᚠᛠᚢᚫᛞᛋ-ᛏᛠᛇᛈ-ᛇᛠᛡᛈ-ᚦᛝᛟᚹᛄᛄᚳ-ᛞᛈ-ᚹᛟᛏᚪᛈᛡᛈᚻ-ᛝ-ᚹᛇ-ᚹ-ᛞᚢᛇᚹᛟ-ᛉᛈᛁ-ᚠᚹᛋ-ᛝᛏ-ᛠᛟᛄᚳ-ᚳᛠᚢᛡ-ᛏᛖᛈᚣᛝᛈᛏ-ᛟᛠᛋ-ᚪᛞᛠ-ᚳᛠᚢ-ᚹᛡᛈ-ᚪᛞᛠ-ᚹᛡᛈ-ᚳᛠᚢ-ᚪᛞᛠ-ᚪᛝᛏᛞᛈᛏ-ᛋᛠ-ᛏᛋᚢᚻᚳ-ᛞᛈᛡᛈ-ᚹᛏᚣᛈᚻ-ᚠᛈ-ᛇᚹᛏᛋᛈᛡ-ᚹᚫᚹᛝᛟ-ᚹᚦᛋᛈᛡ-ᚹ-ᛇᛠᛇᛈᛟᛋ-ᛠᚦ-ᚠᛠᚢᚫᛞᛋ-ᚠᛈ-ᛖᛡᛠᚦᛈᛏᛏᛠᛡ-ᛡᛈᛖᛄᛝᛈᚻ-ᛝ-ᚹᛇ-ᚹ-ᚣᛠᛟᛏᚣᚱᚢᛏᛟᛈᛏᛏ-ᛝᛟᛞᚹᛉᛝᛋᛁ-ᚹᛟ-ᚹᛡᛉᛝᛋᛡᚹᛡᚳ-ᛉᛠᚻᚳ-ᚠᚹᛋ-ᛝᛏ-ᛇᛈᛡᛈᛄᚳ-ᚪᛞᚹᛋ-ᚳᛠᚢ-ᚹᛡᛈ-ᛟᛠᛋ-ᚪᛞᛠ-ᚳᛠᚢ-ᚹᛡᛈ-ᚪᛞᛠ-ᚹᛡᛈ-ᚳᛠᚢ-ᚪᛞᛠ-ᚪᛝᛏᛞᛈᛏ-ᛋᛠ-ᛏᛋᚢᚻᚳ-ᛞᛈᛡᛈ-ᚠᛈ-ᛇᚹᛟ-ᚪᚹᛏ-ᚫᛈᛋᛋᛁ-ᛝᛡᛡᛝᛋᚹᛋᛈᚻ-ᛝ-ᚹᛇ-ᛞᛈ-ᛏᛋᚹᛡᛋᛈᚻ-ᛉᚢᛋ-ᛞᛈ-ᚣᛠᚢᛄᚻ-ᛟᛠᛋ-ᚠᛝᛟᚣ-ᛠᚦ-ᚹᛟᚳᚠᛁ-ᛈᛄᛏᛈ-ᛋᛠ-ᛏᚹᚳ-ᛏᛠ-ᛞᛈ-ᛋᛡᚹᛝᛄᛈᚻ-ᛠᚦᚦ-ᚹᚦᛋᛈᛡ-ᚹ-ᛄᛠᛁ-ᛖᚹᚢᛏᛈ-ᚠᛈ-ᛇᚹᛏᛋᛈᛡ-ᛡᛈᛖᛄᛝᛈᚻ-ᚠᛈᛟ-ᚳᛠᚢ-ᚹᛡᛈ-ᚪᛈᛄᚣᛠᛇᛈ-ᛋᛠ-ᚣᛠᛇᛈ-ᛏᛋᚢᚻᚳ-ᚹᛟ-ᛝᛟᛏᛋᛡᚢᚣᛋᚱᛟ-ᚻᛠ-ᚦᛠᚢᛡ-ᚢᛟᛡᚩᛏᛠᛟᚹᛉᛄᛈ-ᚠᛁᛏ-ᚩᚣᛞ-ᚻᚹᚳ

A  COAN  A  MAN  DECIDED  TO  GO  AND  STUDY  WITH  A  MASTER  HE  WENT  TO  THE  DOOR  OF  THE  MASTER  WHO  ARE  YOU  WHO  WISHES  TO  STUDY  HERE  ASCED  THE  MASTER  THE  STUDENT  TOLD  THE  MASTER  HIS  NAME  THAT  IS  NOT  WHAT  YOU  ARE  THAT  IS  ONLY  WHAT  YOU  ARE  CALLED  WHO  ARE  YOU  WHO  WISHES  TO  STUDY  HERE  HE  ASCED  AGAIN  THE  MAN  THOUGHT  FOR  A  MOMENT  AND  REPLIED  I  AM  A  PROFESSOR  THAT  IS  WHAT  YOU  DO  NOT  WHAT  YOU  ARE  REPLIED  THE  MASTER  WHO  ARE  YOU  WHO  WISHES  TO  STUDY  HERE  CONFUSED  THE  MAN  THOUGHT  SOME  MORE  FINALLY  HE  ANSWERED  I  AM  A  HUMAN  BE(I)NG  THAT  IS  ONLY  YOUR  SPECIES  NOT  WHO  YOU  ARE  WHO  ARE  YOU  WHO  WISHES  TO  STUDY  HERE  ASCED  THE  MASTER  AGAIN  AFTER  A  MOMENT  OF  THOUGHT  THE  PROFESSOR  REPLIED  I  AM  A  CONSCI(A/O)USNESS  INHABIT(I)NG  AN  ARBITRARY  BODY  THAT  IS  MERELY  WHAT  YOU  ARE  NOT  WHO  YOU  ARE  WHO  ARE  YOU  WHO  WISHES  TO  STUDY  HERE  THE  MAN  WAS  GETT(I)NG  IRRITATED  I  AM  HE  STARTED  BUT  HE  COULD  NOT  THINC  OF  ANYTH(I)NG  ELSE  TO  SAY  SO  HE  TRAILED  OFF  AFTER  A  LO(I)NG  PAUSE  THE  MASTER  REPLIED  THEN  YOU  ARE  WELCOME  TO  COME  STUDY  AN  INSTRUCTI(A/O)N  DO  FOUR  UNREASONABLE  TH(I)NGS  EACH  DAY

97,  13,7,97,29,  97,  71,97,29,  89,67,13,31,89,67,89,  59,7,  17,7,  97,29,89,  53,59,3,89,103,  19,31,5,  97,  71,97,53,59,67,11,  23,67,  19,67,29,59,  59,7,  5,67,  89,7,7,11,  7,2,  5,67,  71,97,53,59,67,11,  19,23,7,  97,11,67,  103,7,3,  19,23,7,  19,31,53,23,67,53,  59,7,  53,59,3,89,103,  23,67,11,67,  97,53,13,67,89,  5,67,  71,97,53,59,67,11,  5,67,  53,59,3,89,67,29,59,  59,7,73,89,  5,67,  71,97,53,59,67,11,  23,31,53,  29,97,71,67,  5,97,59,  31,53,  29,7,59,  19,23,97,59,  103,7,3,  97,11,67,  5,97,59,  31,53,  7,29,73,103,  19,23,97,59,  103,7,3,  97,11,67,  13,97,73,73,67,89,  19,23,7,  97,11,67,  103,7,3,  19,23,7,  19,31,53,23,67,53,  59,7,  53,59,3,89,103,  23,67,11,67,  23,67,  97,53,13,67,89,  97,17,97,31,29,  5,67,  71,97,29,  5,7,3,17,23,59,  2,7,11,  97,  71,7,71,67,29,59,  97,29,89,  11,67,43,73,31,67,89,  31,  97,71,  97,  43,11,7,2,67,53,53,7,11,  5,97,59,  31,53,  19,23,97,59,  103,7,3,  89,7,  29,7,59,  19,23,97,59,  103,7,3,  97,11,67,  11,67,43,73,31,67,89,  5,67,  71,97,53,59,67,11,  19,23,7,  97,11,67,  103,7,3,  19,23,7,  19,31,53,23,67,53,  59,7,  53,59,3,89,103,  23,67,11,67,  13,7,29,2,3,53,67,89,  5,67,  71,97,29,  5,7,3,17,23,59,  53,7,71,67,  71,7,11,67,  2,31,29,97,73,73,103,  23,67,  97,29,53,19,67,11,67,89,  31,  97,71,  97,  23,3,71,97,29,  61,67,79,  5,97,59,  31,53,  7,29,73,103,  103,7,3,11,  53,43,67,13,31,67,53,  29,7,59,  19,23,7,  103,7,3,  97,11,67,  19,23,7,  97,11,67,  103,7,3,  19,23,7,  19,31,53,23,67,53,  59,7,  53,59,3,89,103,  23,67,11,67,  97,53,13,67,89,  5,67,  71,97,53,59,67,11,  97,17,97,31,29,  97,2,59,67,11,  97,  71,7,71,67,29,59,  7,2,  5,7,3,17,23,59,  5,67,  43,11,7,2,67,53,53,7,11,  11,67,43,73,31,67,89,  31,  97,71,  97,  13,7,29,53,13,107,3,53,29,67,53,53,  31,29,23,97,61,31,59,79,  97,29,  97,11,61,31,59,11,97,11,103,  61,7,89,103,  5,97,59,  31,53,  71,67,11,67,73,103,  19,23,97,59,  103,7,3,  97,11,67,  29,7,59,  19,23,7,  103,7,3,  97,11,67,  19,23,7,  97,11,67,  103,7,3,  19,23,7,  19,31,53,23,67,53,  59,7,  53,59,3,89,103,  23,67,11,67,  5,67,  71,97,29,  19,97,53,  17,67,59,59,79,  31,11,11,31,59,97,59,67,89,  31,  97,71,  23,67,  53,59,97,11,59,67,89,  61,3,59,  23,67,  13,7,3,73,89,  29,7,59,  5,31,29,13,  7,2,  97,29,103,5,79,  67,73,53,67,  59,7,  53,97,103,  53,7,  23,67,  59,11,97,31,73,67,89,  7,2,2,  97,2,59,67,11,  97,  73,7,79,  43,97,3,53,67,  5,67,  71,97,53,59,67,11,  11,67,43,73,31,67,89,  5,67,29,  103,7,3,  97,11,67,  19,67,73,13,7,71,67,  59,7,  13,7,71,67,  53,59,3,89,103,  97,29,  31,29,53,59,11,3,13,59,107,29,  89,7,  2,7,3,11,  3,29,11,109,53,7,29,97,61,73,67,  5,79,53,  109,13,23,  89,97,103

97, 146, 97, 197, 445, 66, 24, 215, 307, 55, 97, 358, 90, 174, 66, 72, 114, 9, 72, 358, 49, 175, 113, 49, 246, 66, 307, 168, 319, 72, 358, 72, 359, 228, 72, 358, 107, 264, 161, 84, 95, 198, 113, 175, 161, 84, 212, 198, 113, 175, 412, 49, 175, 113, 49, 246, 66, 307, 168, 90, 319, 271, 72, 197, 114, 20, 97, 304, 215, 381, 31, 168, 97, 254, 161, 84, 198, 113, 96, 95, 198, 113, 175, 381, 72, 358, 49, 175, 113, 49, 246, 66, 307, 168, 263, 72, 197, 114, 198, 156, 408, 90, 432, 31, 168, 97, 223, 207, 161, 84, 212, 124, 327, 95, 49, 113, 175, 49, 175, 113, 49, 246, 66, 307, 168, 319, 72, 358, 271, 236, 97, 304, 9, 114, 72, 254, 381, 31, 168, 97, 480, 410, 126, 481, 260, 161, 84, 392, 198, 113, 175, 95, 49, 113, 175, 49, 175, 113, 49, 246, 66, 307, 168, 72, 197, 169, 281, 455, 31, 168, 90, 435, 123, 90, 185, 95, 78, 9, 313, 260, 66, 253, 60, 90, 427, 11, 236, 97, 159, 263, 72, 358, 381, 101, 113, 175, 317, 66, 158, 307, 126, 394, 96, 23, 539, 137, 145, 289

5,24,26,5,20,5,10,5,20,6,11,24,19,6,11,6,13,26,23,26,5,20,6,14,13,28,6,3,22,19,27,5,10,5,14,13,11,25,21,11,22,11,20,13,13,26,27,11,6,26,26,25,26,29,27,11,10,5,14,13,11,25,22,21,26,5,25,11,3,26,28,22,21,26,22,19,14,21,11,14,13,26,14,13,28,6,3,21,11,25,11,5,14,24,11,6,27,11,10,5,14,13,11,25,27,11,14,13,28,6,11,20,13,13,26,9,6,27,11,10,5,14,13,11,25,21,19,14,20,5,10,11,27,5,13,19,14,20,26,13,22,21,5,13,3,26,28,5,25,11,27,5,13,19,14,26,20,9,3,22,21,5,13,3,26,28,5,25,11,24,5,9,9,11,6,22,21,26,5,25,11,3,26,28,22,21,26,22,19,14,21,11,14,13,26,14,13,28,6,3,21,11,25,11,21,11,5,14,24,11,6,5,23,5,19,20,27,11,10,5,20,27,26,28,23,21,13,29,26,25,5,10,26,10,11,20,13,5,20,6,25,11,16,9,19,11,6,19,5,10,5,16,25,26,29,11,14,14,26,25,27,5,13,19,14,22,21,5,13,3,26,28,6,26,20,26,13,22,21,5,13,3,26,28,5,25,11,25,11,16,9,19,11,6,27,11,10,5,14,13,11,25,22,21,26,5,25,11,3,26,28,22,21,26,22,19,14,21,11,14,13,26,14,13,28,6,3,21,11,25,11,24,26,20,29,28,14,11,6,27,11,10,5,20,27,26,28,23,21,13,14,26,10,11,10,26,25,11,29,19,20,5,9,9,3,21,11,5,20,14,22,11,25,11,6,19,5,10,5,21,28,10,5,20,12,11,8,27,5,13,19,14,26,20,9,3,3,26,28,25,14,16,11,24,19,11,14,20,26,13,22,21,26,3,26,28,5,25,11,22,21,26,5,25,11,3,26,28,22,21,26,22,19,14,21,11,14,13,26,14,13,28,6,3,21,11,25,11,5,14,24,11,6,27,11,10,5,14,13,11,25,5,23,5,19,20,5,29,13,11,25,5,10,26,10,11,20,13,26,29,27,26,28,23,21,13,27,11,16,25,26,29,11,14,14,26,25,25,11,16,9,19,11,6,19,5,10,5,24,26,20,14,24,2,28,14,20,11,14,14,19,20,21,5,12,19,13,8,5,20,5,25,12,19,13,25,5,25,3,12,26,6,3,27,5,13,19,14,10,11,25,11,9,3,22,21,5,13,3,26,28,5,25,11,20,26,13,22,21,26,3,26,28,5,25,11,22,21,26,5,25,11,3,26,28,22,21,26,22,19,14,21,11,14,13,26,14,13,28,6,3,21,11,25,11,27,11,10,5,20,22,5,14,23,11,13,13,8,19,25,25,19,13,5,13,11,6,19,5,10,21,11,14,13,5,25,13,11,6,12,28,13,21,11,24,26,28,9,6,20,26,13,27,19,20,24,26,29,5,20,3,27,8,11,9,14,11,13,26,14,5,3,14,26,21,11,13,25,5,19,9,11,6,26,29,29,5,29,13,11,25,5,9,26,8,16,5,28,14,11,27,11,10,5,14,13,11,25,25,11,16,9,19,11,6,27,11,20,3,26,28,5,25,11,22,11,9,24,26,10,11,13,26,24,26,10,11,14,13,28,6,3,5,20,19,20,14,13,25,28,24,13,2,20,6,26,29,26,28,25,28,20,25,1,14,26,20,5,12,9,11,27,8,14,1,24,21,6,5,3



Section: 4

Words: 183 // FChars: 755 // CRC: 32705

ᚦᛖ-ᛚᚩᛋᛋ-ᚩᚠ-ᛞᛁᚢᛁᚾᛁᛏᚣ-ᚦᛖ-ᚳᛁᚱᚳᚢᛗᚠᛖᚱᛖᚾᚳᛖ-ᛈᚱᚪᚳᛏᛁᚳᛖᛋ-ᚦᚱᛖᛖ-ᛒᛖᚻᚪᚢᛡᚱᛋ-ᚹᚻᛁᚳᚻ-ᚳᚪᚢᛋᛖ-ᚦᛖ-ᛚᚩᛋᛋ-ᚩᚠ-ᛞᛁᚢᛁᚾᛁᛏᚣ-ᚳᚩᚾᛋᚢᛗᛈᛏᛡᚾ-ᚹᛖ-ᚳᚩᚾᛋᚢᛗᛖ-ᛏᚩᚩ-ᛗᚢᚳᚻ-ᛒᛖᚳᚪᚢᛋᛖ-ᚹᛖ-ᛒᛖᛚᛖᛁᚢᛖ-ᚦᛖ-ᚠᚩᛚᛚᚹᛝ-ᛏᚹᚩ-ᛖᚱᚱᚩᚱᛋ-ᚹᛁᚦᛁᚾ-ᚦᛖ-ᛞᛖᚳᛖᛈᛏᛡᚾ-1-ᚹᛖ-ᛞᚩ-ᚾᚩᛏ-ᚻᚪᚢᛖ-ᛖᚾᚩᚢᚷᚻ-ᚩᚱ-ᚦᛖᚱᛖ-ᛁᛋ-ᚾᚩᛏ-ᛖᚾᚩᚢᚷᚻ-2-ᚹᛖ-ᚻᚪᚢᛖ-ᚹᚻᚪᛏ-ᚹᛖ-ᚻᚪᚢᛖ-ᚾᚩᚹ-ᛒᚣ-ᛚᚢᚳᚳ-ᚪᚾᛞ-ᚹᛖ-ᚹᛁᛚᛚ-ᚾᚩᛏ-ᛒᛖ-ᛋᛏᚱᚩᛝ-ᛖᚾᚩᚢᚷᚻ-ᛚᚪᛏᛖᚱ-ᛏᚩ-ᚩᛒᛏᚪᛁᚾ-ᚹᚻᚪᛏ-ᚹᛖ-ᚾᛖᛖᛞ-ᛗᚩᛋᛏ-ᚦᛝᛋ-ᚪᚱᛖ-ᚾᚩᛏ-ᚹᚩᚱᚦ-ᚳᚩᚾᛋᚢᛗᛝ-ᛈᚱᛖᛋᛖᚱᚢᚪᛏᛡᚾ-ᚹᛖ-ᛈᚱᛖᛋᛖᚱᚢᛖ-ᚦᛝᛋ-ᛒᛖᚳᚪᚢᛋᛖ-ᚹᛖ-ᛒᛖᛚᛁᛖᚢᛖ-ᚹᛖ-ᚪᚱᛖ-ᚹᛠᚳ-ᛁᚠ-ᚹᛖ-ᛚᚩᛋᛖ-ᚦᛖᛗ-ᚹᛖ-ᚹᛁᛚᛚ-ᚾᚩᛏ-ᛒᛖ-ᛋᛏᚱᚩᛝ-ᛖᚾᚩᚢᚷᚻ-ᛏᚩ-ᚷᚪᛁᚾ-ᚦᛖᛗ-ᚪᚷᚪᛁᚾ-ᚦᛁᛋ-ᛁᛋ-ᚦᛖ-ᛞᛖᚳᛖᛈᛏᛡᚾ-ᛗᚩᛋᛏ-ᚦᛝᛋ-ᚪᚱᛖ-ᚾᚩᛏ-ᚹᚩᚱᚦ-ᛈᚱᛖᛋᛖᚱᚢᛝ-ᚪᛞᚻᛖᚱᛖᚾᚳᛖ-ᚹᛖ-ᚠᚩᛚᛚᚩᚹ-ᛞᚩᚷᛗᚪ-ᛋᚩ-ᚦᚪᛏ-ᚹᛖ-ᚳᚪᚾ-ᛒᛖᛚᚩᛝ-ᚪᚾᛞ-ᛒᛖ-ᚱᛁᚷᚻᛏ-ᚩᚱ-ᚹᛖ-ᚠᚩᛚᛚᚩᚹ-ᚱᛠᛋᚩᚾ-ᛋᚩ-ᚹᛖ-ᚳᚪᚾ-ᛒᛖᛚᚩᛝ-ᚪᚾᛞ-ᛒᛖ-ᚱᛁᚷᚻᛏ-ᚦᛖᚱᛖ-ᛁᛋ-ᚾᚩᚦᛝ-ᛏᚩ-ᛒᛖ-ᚱᛁᚷᚻᛏ-ᚪᛒᚩᚢᛏ-ᛏᚩ-ᛒᛖᛚᚩᛝ-ᛁᛋ-ᛞᛠᚦ-ᛁᛏ-ᛁᛋ-ᚦᛖ-ᛒᛖᚻᚪᚢᛡᚱᛋ-ᚩᚠ-ᚳᚩᚾᛋᚢᛗᛈᛏᛡᚾ-ᛈᚱᛖᛋᛖᚱᚢᚪᛏᛡᚾ-ᚪᚾᛞ-ᚪᛞᚻᛖᚱᛖᚾᚳᛖ-ᚦᚪᛏ-ᚻᚪᚢᛖ-ᚢᛋ-ᛚᚩᛋᛖ-ᚩᚢᚱ-ᛈᚱᛁᛗᚪᛚᛁᛏᚣ-ᚪᚾᛞ-ᚦᚢᛋ-ᚩᚢᚱ-ᛞᛁᚢᛁᚾᛁᛏ-ᛋᚩᛗᛖ-ᚹᛁᛋᛞᚩᛗ-ᚪᛗᚪᛋᛋ-ᚷᚱᛠᛏ-ᚹᛠᛚᚦ-ᚾᛖᚢᛖᚱ-ᛒᛖᚳᚩᛗᛖ-ᚪᛏᛏᚪᚳᚻᛖᛞ-ᛏᚩ-ᚹᚻᚪᛏ-ᚣᚩᚢ-ᚩᚹᚾ-ᛒᛖ-ᛈᚱᛖᛈᚪᚱᛖᛞ-ᛏᚩ-ᛞᛖᛋᛏᚱᚩᚣ-ᚪᛚᛚ-ᚦᚪᛏ-ᚣᚩᚢ-ᚩᚹᚾ-ᚪᚾ-ᛁᚾᛋᛏᚱᚢᚳᛏᛡᚾ-ᛈᚱᚩᚷᚱᚪᛗ-ᚣᚩᚢᚱ-ᛗᛁᚾᛞ-ᛈᚱᚩᚷᚱᚪᛗ-ᚱᛠᛚᛁᛏᚣ

THE  LOSS  OF  DIUINITY  THE  CIRCUMFERENCE  PRACTICES  THREE  BEHAUI(A/O)RS  WHICH  CAUSE  THE  LOSS  OF  DIUINITY  CONSUMPTI(A/O)N  WE  CONSUME  TOO  MUCH  BECAUSE  WE  BELEIUE  THE  FOLLW(I)NG  TWO  ERRORS  WITHIN  THE  DECEPTI(A/O)N  1  WE  DO  NOT  HAUE  ENOUGH  OR  THERE  IS  NOT  ENOUGH  2  WE  HAUE  WHAT  WE  HAUE  NOW  BY  LUCC  AND  WE  WILL  NOT  BE  STRO(I)NG  ENOUGH  LATER  TO  OBTAIN  WHAT  WE  NEED  MOST  TH(I)NGS  ARE  NOT  WORTH  CONSUM(I)NG  PRESERUATI(A/O)N  WE  PRESERUE  TH(I)NGS  BECAUSE  WE  BELIEUE  WE  ARE  WEAC  IF  WE  LOSE  THEM  WE  WILL  NOT  BE  STRO(I)NG  ENOUGH  TO  GAIN  THEM  AGAIN  THIS  IS  THE  DECEPTI(A/O)N  MOST  TH(I)NGS  ARE  NOT  WORTH  PRESERU(I)NG  ADHERENCE  WE  FOLLOW  DOGMA  SO  THAT  WE  CAN  BELO(I)NG  AND  BE  RIGHT  OR  WE  FOLLOW  REASON  SO  WE  CAN  BELO(I)NG  AND  BE  RIGHT  THERE  IS  NOTH(I)NG  TO  BE  RIGHT  ABOUT  TO  BELO(I)NG  IS  DEATH  IT  IS  THE  BEHAUI(A/O)RS  OF  CONSUMPTI(A/O)N  PRESERUATI(A/O)N  AND  ADHERENCE  THAT  HAUE  US  LOSE  OUR  PRIMALITY  AND  THUS  OUR  DIUINIT  SOME  WISDOM  AMASS  GREAT  WEALTH  NEUER  BECOME  ATTACHED  TO  WHAT  YOU  OWN  BE  PREPARED  TO  DESTROY  ALL  THAT  YOU  OWN  AN  INSTRUCTI(A/O)N  PROGRAM  YOUR  MIND  PROGRAM  REALITY

5,67,  73,7,53,53,  7,2,  89,31,3,31,29,31,59,103,  5,67,  13,31,11,13,3,71,2,67,11,67,29,13,67,  43,11,97,13,59,31,13,67,53,  5,11,67,67,  61,67,23,97,3,107,11,53,  19,23,31,13,23,  13,97,3,53,67,  5,67,  73,7,53,53,  7,2,  89,31,3,31,29,31,59,103,  13,7,29,53,3,71,43,59,107,29,  19,67,  13,7,29,53,3,71,67,  59,7,7,  71,3,13,23,  61,67,13,97,3,53,67,  19,67,  61,67,73,67,31,3,67,  5,67,  2,7,73,73,19,79,  59,19,7,  67,11,11,7,11,53,  19,31,5,31,29,  5,67,  89,67,13,67,43,59,107,29,  1  19,67,  89,7,  29,7,59,  23,97,3,67,  67,29,7,3,17,23,  7,11,  5,67,11,67,  31,53,  29,7,59,  67,29,7,3,17,23,  2  19,67,  23,97,3,67,  19,23,97,59,  19,67,  23,97,3,67,  29,7,19,  61,103,  73,3,13,13,  97,29,89,  19,67,  19,31,73,73,  29,7,59,  61,67,  53,59,11,7,79,  67,29,7,3,17,23,  73,97,59,67,11,  59,7,  7,61,59,97,31,29,  19,23,97,59,  19,67,  29,67,67,89,  71,7,53,59,  5,79,53,  97,11,67,  29,7,59,  19,7,11,5,  13,7,29,53,3,71,79,  43,11,67,53,67,11,3,97,59,107,29,  19,67,  43,11,67,53,67,11,3,67,  5,79,53,  61,67,13,97,3,53,67,  19,67,  61,67,73,31,67,3,67,  19,67,  97,11,67,  19,109,13,  31,2,  19,67,  73,7,53,67,  5,67,71,  19,67,  19,31,73,73,  29,7,59,  61,67,  53,59,11,7,79,  67,29,7,3,17,23,  59,7,  17,97,31,29,  5,67,71,  97,17,97,31,29,  5,31,53,  31,53,  5,67,  89,67,13,67,43,59,107,29,  71,7,53,59,  5,79,53,  97,11,67,  29,7,59,  19,7,11,5,  43,11,67,53,67,11,3,79,  97,89,23,67,11,67,29,13,67,  19,67,  2,7,73,73,7,19,  89,7,17,71,97,  53,7,  5,97,59,  19,67,  13,97,29,  61,67,73,7,79,  97,29,89,  61,67,  11,31,17,23,59,  7,11,  19,67,  2,7,73,73,7,19,  11,109,53,7,29,  53,7,  19,67,  13,97,29,  61,67,73,7,79,  97,29,89,  61,67,  11,31,17,23,59,  5,67,11,67,  31,53,  29,7,5,79,  59,7,  61,67,  11,31,17,23,59,  97,61,7,3,59,  59,7,  61,67,73,7,79,  31,53,  89,109,5,  31,59,  31,53,  5,67,  61,67,23,97,3,107,11,53,  7,2,  13,7,29,53,3,71,43,59,107,29,  43,11,67,53,67,11,3,97,59,107,29,  97,29,89,  97,89,23,67,11,67,29,13,67,  5,97,59,  23,97,3,67,  3,53,  73,7,53,67,  7,3,11,  43,11,31,71,97,73,31,59,103,  97,29,89,  5,3,53,  7,3,11,  89,31,3,31,29,31,59,  53,7,71,67,  19,31,53,89,7,71,  97,71,97,53,53,  17,11,109,59,  19,109,73,5,  29,67,3,67,11,  61,67,13,7,71,67,  97,59,59,97,13,23,67,89,  59,7,  19,23,97,59,  103,7,3,  7,19,29,  61,67,  43,11,67,43,97,11,67,89,  59,7,  89,67,53,59,11,7,103,  97,73,73,  5,97,59,  103,7,3,  7,19,29,  97,29,  31,29,53,59,11,3,13,59,107,29,  43,11,7,17,11,97,71,  103,7,3,11,  71,31,29,89,  43,11,7,17,11,97,71,  11,109,73,31,59,103

72, 186, 9, 376, 72, 398, 387, 150, 422, 109, 233, 72, 186, 9, 376, 414, 86, 243, 73, 110, 361, 86, 369, 72, 253, 85, 160, 115, 72, 474, 0, 86, 96, 95, 190, 146, 18, 150, 84, 95, 146, 0, 86, 190, 198, 86, 190, 55, 164, 102, 215, 86, 196, 95, 128, 209, 146, 307, 66, 284, 198, 86, 252, 190, 137, 175, 95, 42, 255, 547, 86, 322, 137, 361, 86, 369, 86, 175, 141, 33, 86, 200, 143, 86, 196, 95, 128, 209, 146, 66, 174, 143, 271, 89, 84, 72, 474, 190, 137, 175, 95, 42, 334, 463, 86, 181, 281, 60, 161, 86, 139, 287, 215, 128, 141, 18, 86, 181, 209, 60, 86, 139, 287, 215, 128, 141, 150, 84, 120, 66, 128, 141, 227, 66, 287, 84, 203, 90, 84, 72, 422, 9, 414, 547, 215, 463, 161, 190, 56, 200, 21, 519, 215, 61, 21, 273, 198, 270, 371, 196, 206, 177, 286, 504, 66, 198, 113, 55, 128, 428, 66, 389, 243, 161, 113, 55, 126, 394, 257, 124, 220, 257, 386

3,19,21,4,16,16,4,1,24,11,2,11,10,11,17,27,3,19,6,11,5,6,2,20,1,19,5,19,10,6,19,14,5,25,6,17,11,6,19,16,3,5,19,19,18,19,9,25,2,28,5,16,8,9,11,6,9,6,25,2,16,19,3,19,21,4,16,16,4,1,24,11,2,11,10,11,17,27,6,4,10,16,2,20,14,17,28,10,8,19,6,4,10,16,2,20,19,17,4,4,20,2,6,9,18,19,6,25,2,16,19,8,19,18,19,21,19,11,2,19,3,19,1,4,21,21,8,22,17,8,4,19,5,5,4,5,16,8,11,3,11,10,3,19,24,19,6,19,14,17,28,10,'1',8,19,24,4,10,4,17,9,25,2,19,19,10,4,2,7,9,4,5,3,19,5,19,11,16,10,4,17,19,10,4,2,7,9,'2',8,19,9,25,2,19,8,9,25,17,8,19,9,25,2,19,10,4,8,18,27,21,2,6,6,25,10,24,8,19,8,11,21,21,10,4,17,18,19,16,17,5,4,22,19,10,4,2,7,9,21,25,17,19,5,17,4,4,18,17,25,11,10,8,9,25,17,8,19,10,19,19,24,20,4,16,17,3,22,16,25,5,19,10,4,17,8,4,5,3,6,4,10,16,2,20,22,14,5,19,16,19,5,2,25,17,28,10,8,19,14,5,19,16,19,5,2,19,3,22,16,18,19,6,25,2,16,19,8,19,18,19,21,11,19,2,19,8,19,25,5,19,8,29,6,11,1,8,19,21,4,16,19,3,19,20,8,19,8,11,21,21,10,4,17,18,19,16,17,5,4,22,19,10,4,2,7,9,17,4,7,25,11,10,3,19,20,25,7,25,11,10,3,11,16,11,16,3,19,24,19,6,19,14,17,28,10,20,4,16,17,3,22,16,25,5,19,10,4,17,8,4,5,3,14,5,19,16,19,5,2,22,25,24,9,19,5,19,10,6,19,8,19,1,4,21,21,4,8,24,4,7,20,25,16,4,3,25,17,8,19,6,25,10,18,19,21,4,22,25,10,24,18,19,5,11,7,9,17,4,5,8,19,1,4,21,21,4,8,5,29,16,4,10,16,4,8,19,6,25,10,18,19,21,4,22,25,10,24,18,19,5,11,7,9,17,3,19,5,19,11,16,10,4,3,22,17,4,18,19,5,11,7,9,17,25,18,4,2,17,17,4,18,19,21,4,22,11,16,24,29,3,11,17,11,16,3,19,18,19,9,25,2,28,5,16,4,1,6,4,10,16,2,20,14,17,28,10,14,5,19,16,19,5,2,25,17,28,10,25,10,24,25,24,9,19,5,19,10,6,19,3,25,17,9,25,2,19,2,16,21,4,16,19,4,2,5,14,5,11,20,25,21,11,17,27,25,10,24,3,2,16,4,2,5,24,11,2,11,10,11,17,27,16,4,20,19,8,11,16,24,4,20,25,20,25,16,16,7,5,29,17,8,29,21,3,10,19,2,19,5,18,19,6,4,20,19,25,17,17,25,6,9,19,24,17,4,8,9,25,17,27,4,2,4,8,10,18,19,14,5,19,14,25,5,19,24,17,4,24,19,16,17,5,4,27,25,21,21,3,25,17,27,4,2,4,8,10,25,10,11,10,16,17,5,2,6,17,28,10,14,5,4,7,5,25,20,27,4,2,5,20,11,10,24,14,5,4,7,5,25,20,5,29,21,11,17,27



Section: 5

Words: 87 // FChars: 319 // CRC: 17358

ᚪ-ᛋᚹᚪᛁ-ᛈᚢᛟᚫ-ᛈ-ᚠᛖᚱᛋᛈᛈ-ᚦᛗ-ᚾᚪᚱᛚᚹᛈ-ᛖᚩᛈᚢᛠᛁᛁᚻᛞ-ᛚᛟ-ᛠ-ᛄᛖ-ᛠ-ᛁᚫ-ᚷᛖ-ᚦᛟᛁᛞᛟ-ᛝF-ᛄᛖ-ᛞᛁᛉᚾᚢᛚFᚻᚱᚹᛈᛞᛡ-ᚻᚹ-ᛋᚳᛉᛞ-ᚻᛡᛖᛡ-ᛠᚱᛉᛖᛇ-ᛒᚹ-ᛠ-ᛋᛒᛚᛞᚹᛈᚳ-ᚫᚩ-ᚹᛉᛞᚪᚪᛄᛠ-ᚹᚣᛠᚳ-ᛄᚪᚳ-ᛗᚾᛈᛏ-ᚩᚻ-ᛗᛈᛗᚳᛡᚱ-ᚱᚪᛚᛡ-ᛁᛒ-ᚠᛋ-ᛈ-ᚳᛝᛗᚳᚹ-ᛁᛗᛗᛁᚪᚻ-ᚣᛝᚳᛟ-ᛒᛠᛇ-ᛁ-ᚱᚹᚾᛒ-ᛡᚪᛗᛟ-ᛈ-ᛁᚩᛠᚳᛠ-ᛉᚾ-ᛚᛏ-ᚻᛒᛡ-ᛚᛇᚢᚪᚻᚣ-ᚷᛖ-ᛏᚷᚢᛇᛟᛡᚫ-ᚪᛡᛞ-ᛖᛟ-ᚱᚫᚠᛋᚹᛡ-ᚣᛗᛋ-ᚣᚪᛗᛡ-ᛏᚱ-ᚷᛖᚾᚪ-ᛚᛡ-ᛗᛈᛋᚣᛟᚱ-ᚩᚻ-ᛗᛈᛗᚳᛡᚱ-ᚱᛏᛈᛒᛈᛗᛈ-ᚦᚹ-ᛗᚳᛁᛞᚹᚾᚣ-ᛠᚾᚪ-ᚳᚪᛠᛡ-ᛚᛡ-ᚢᛝᛁᛋᛟ-ᚦᚫᚷ-ᛄᛗᛗᚳ-ᚪᚪᛠᛞ-ᚹᚹᚢ-ᚾᛉᚢᚹ-ᛈᛝ-ᛁᚩᛠᚳᛠ-ᛉᚾ-ᛡᛟᚢᛟ-ᛇᛒᚩ-ᛁᚱ-ᚦᛠ-ᛉ-ᚪᛁᛈ-ᚦᚹ-ᛗᚳᛁᛞᚹᚾᚣᛗ-ᚹᛗᛞᛖ-ᚹᛈᚾᛗᚷᚣᛏᛠᛈᛖᚪ

A  COAN  DUR(I)NG  A  LESSON  THE  MASTER  EXPLAINED  THE  I  THE  I  IS  THE  UOICE  OF  THE  CIRCUMFERENCE  HE  SAID  WHEN  ASCED  BY  A  STUDENT  TO  EXPLAIN  WHAT  THAT  MEANT  THE  MASTER  SAID  IT  IS  A  UOICE  INSIDE  YOUR  HEAD  I  DONT  HAUE  A  UOICE  IN  MY  HEAD  THOUGHT  THE  STUDENT  AND  HE  RAISED  HIS  HAND  TO  TELL  THE  MASTER  THE  MASTER  STOPPED  THE  STUDENT  AND  SAID  THE  UOICE  THAT  JUST  SAID  YOU  HAUE  NO  UOICE  IN  YOUR  HEAD  IS  THE  I  AND  THE  STUDENTS  WERE  ENLIGHTENED

97,  13,7,97,29,  89,3,11,79,  97,  73,67,53,53,7,29,  5,67,  71,97,53,59,67,11,  67,47,43,73,97,31,29,67,89,  5,67,  31,  5,67,  31,  31,53,  5,67,  3,7,31,13,67,  7,F  5,67,  13,31,11,13,3,71,F67,11,67,29,13,67,  23,67,  53,97,31,89,  19,23,67,29,  97,53,13,67,89,  61,103,  97,  53,59,3,89,67,29,59,  59,7,  67,47,43,73,97,31,29,  19,23,97,59,  5,97,59,  71,109,29,59,  5,67,  71,97,53,59,67,11,  53,97,31,89,  31,59,  31,53,  97,  3,7,31,13,67,  31,29,53,31,89,67,  103,7,3,11,  23,109,89,  31,  89,7,29,59,  23,97,3,67,  97,  3,7,31,13,67,  31,29,  71,103,  23,109,89,  5,7,3,17,23,59,  5,67,  53,59,3,89,67,29,59,  97,29,89,  23,67,  11,97,31,53,67,89,  23,31,53,  23,97,29,89,  59,7,  59,67,73,73,  5,67,  71,97,53,59,67,11,  5,67,  71,97,53,59,67,11,  53,59,7,43,43,67,89,  5,67,  53,59,3,89,67,29,59,  97,29,89,  53,97,31,89,  5,67,  3,7,31,13,67,  5,97,59,  37,3,53,59,  53,97,31,89,  103,7,3,  23,97,3,67,  29,7,  3,7,31,13,67,  31,29,  103,7,3,11,  23,109,89,  31,53,  5,67,  31,  97,29,89,  5,67,  53,59,3,89,67,29,59,53,  19,67,11,67,  67,29,73,31,17,23,59,67,29,67,89

97, 146, 182, 97, 282, 72, 358, 543, 72, 31, 72, 31, 84, 72, 121, 7, 72, 396, 90, 270, 138, 319, 164, 97, 359, 66, 387, 198, 161, 268, 72, 358, 270, 90, 84, 97, 121, 300, 124, 221, 31, 184, 190, 97, 121, 60, 174, 221, 114, 72, 359, 215, 90, 348, 107, 238, 66, 272, 72, 358, 72, 358, 361, 72, 359, 215, 270, 72, 121, 161, 152, 270, 113, 190, 36, 121, 60, 124, 221, 84, 72, 31, 215, 72, 412, 164, 551

25,6,4,25,10,24,2,5,22,25,21,19,16,16,4,10,3,19,20,25,16,17,19,5,19,15,14,21,25,11,10,19,24,3,19,11,3,19,11,11,16,3,19,2,4,11,6,19,4,'F',3,19,6,11,5,6,2,20,'F',19,5,19,10,6,19,9,19,16,25,11,24,8,9,19,10,25,16,6,19,24,18,27,25,16,17,2,24,19,10,17,17,4,19,15,14,21,25,11,10,8,9,25,17,3,25,17,20,29,10,17,3,19,20,25,16,17,19,5,16,25,11,24,11,17,11,16,25,2,4,11,6,19,11,10,16,11,24,19,27,4,2,5,9,29,24,11,24,4,10,17,9,25,2,19,25,2,4,11,6,19,11,10,20,27,9,29,24,3,4,2,7,9,17,3,19,16,17,2,24,19,10,17,25,10,24,9,19,5,25,11,16,19,24,9,11,16,9,25,10,24,17,4,17,19,21,21,3,19,20,25,16,17,19,5,3,19,20,25,16,17,19,5,16,17,4,14,14,19,24,3,19,16,17,2,24,19,10,17,25,10,24,16,25,11,24,3,19,2,4,11,6,19,3,25,17,12,2,16,17,16,25,11,24,27,4,2,9,25,2,19,10,4,2,4,11,6,19,11,10,27,4,2,5,9,29,24,11,16,3,19,11,25,10,24,3,19,16,17,2,24,19,10,17,16,8,19,5,19,19,10,21,11,7,9,17,19,10,19,24



Section: 6

Words: 18 // FChars: 89 // CRC: 3329

ᚪᚾ-ᛁᚾᛋᛏᚱᚢᚳᛏᛡᚾ-ᚳᚹᛖᛋᛏᛡᚾ-ᚪᛚᛚ-ᚦᛝᛋ-ᛞᛁᛋᚳᚩᚢᛖᚱ-ᛏᚱᚢᚦ-ᛁᚾᛋᛁᛞᛖ-ᚣᚩᚢᚱᛋᛖᛚᚠ-ᚠᚩᛚᛚᚩᚹ-ᚣᚩᚢᚱ-ᛏᚱᚢᚦ-ᛁᛗᛈᚩᛋᛖ-ᚾᚩᚦᛝ-ᚩᚾ-ᚩᚦᛖᚱᛋ-ᚳᚾᚩᚹ-ᚦᛁᛋ

AN  INSTRUCTI(A/O)N  CWESTI(A/O)N  ALL  TH(I)NGS  DISCOUER  TRUTH  INSIDE  YOURSELF  FOLLOW  YOUR  TRUTH  IMPOSE  NOTH(I)NG  ON  OTHERS  CNOW  THIS

97,29,  31,29,53,59,11,3,13,59,107,29,  13,19,67,53,59,107,29,  97,73,73,  5,79,53,  89,31,53,13,7,3,67,11,  59,11,3,5,  31,29,53,31,89,67,  103,7,3,11,53,67,73,2,  2,7,73,73,7,19,  103,7,3,11,  59,11,3,5,  31,71,43,7,53,67,  29,7,5,79,  7,29,  7,5,67,11,53,  13,29,7,19,  5,31,53

126, 394, 347, 243, 137, 274, 78, 300, 319, 181, 124, 78, 272, 120, 36, 143, 68, 89

25,10,11,10,16,17,5,2,6,17,28,10,6,8,19,16,17,28,10,25,21,21,3,22,16,24,11,16,6,4,2,19,5,17,5,2,3,11,10,16,11,24,19,27,4,2,5,16,19,21,1,1,4,21,21,4,8,27,4,2,5,17,5,2,3,11,20,14,4,16,19,10,4,3,22,4,10,4,3,19,5,16,6,10,4,8,3,11,16



Section: 15

Words: 25 // FChars: 85 // CRC: 4184

ᚫᛄ-ᛟᛋᚱ-ᛗᚣᛚᚩᚻ-ᚩᚫ-ᚳᚦᚷᚹ-ᚹᛚᚫ-ᛉᚩᚪᛈ-ᛗᛞᛞᚢᚷᚹ-ᛚ-ᛞᚾᚣᛄ-ᚳᚠᛡ-ᚫᛏᛈᛇᚪᚦ-ᚳᚫ-ᚳᛞ-ᚠᚾ-ᛡᛖ-ᚠᚾᚳᛝ-ᚱF-ᚫᛁᚱᛞᛖ-ᛋᚣᛄᛠᚢᛝᚹ-ᛉᚩ-ᛗᛠᚹᚠ-ᚱᚷᛡ-ᛝᚱᛒ-ᚫᚾᚢᛋ

AN  END  WITHIN  THE  DEEP  WEB  THERE  EXISTS  A  PAGE  THAT  HASHES  TO  IT  IS  THE  DUTY  OF  EUERY  PILGRIM  TO  SEEC  OUT  THIS  PAGE

97,29,  67,29,89,  19,31,5,31,29,  5,67,  89,67,67,43,  19,67,61,  5,67,11,67,  67,47,31,53,59,53,  97,  43,97,17,67,  5,97,59,  23,97,53,23,67,53,  59,7,  31,59,  31,53,  5,67,  89,3,59,103,  7,F  67,3,67,11,103,  43,31,73,17,11,31,71,  59,7,  53,67,67,13,  7,3,59,  5,31,53,  43,97,17,67

126, 185, 115, 72, 266, 147, 150, 310, 97, 224, 161, 316, 66, 90, 84, 72, 254, 7, 251, 277, 66, 200, 69, 89, 224

25,10,19,10,24,8,11,3,11,10,3,19,24,19,19,14,8,19,18,3,19,5,19,19,15,11,16,17,16,25,14,25,7,19,3,25,17,9,25,16,9,19,16,17,4,11,17,11,16,3,19,24,2,17,27,4,'F',19,2,19,5,27,14,11,21,7,5,11,20,17,4,16,19,19,6,4,2,17,3,11,16,14,25,7,19



Section: 16

Words: 20 // FChars: 95 // CRC: 3932

ᛈᚪᚱᚪᛒᛚᛖ-ᛚᛁᚳᛖ-ᚦᛖ-ᛁᚾᛋᛏᚪᚱ-ᛏᚢᚾᚾᛖᛚᛝ-ᛏᚩ-ᚦᛖ-ᛋᚢᚱᚠᚪᚳᛖ-ᚹᛖ-ᛗᚢᛋᛏ-ᛋᚻᛖᛞ-ᚩᚢᚱ-ᚩᚹᚾ-ᚳᛁᚱᚳᚢᛗᚠᛖᚱᛖᚾᚳᛖᛋ-ᚠᛁᚾᛞ-ᚦᛖ-ᛞᛁᚢᛁᚾᛁᛏᛖ-ᚹᛁᚦᛁᚾ-ᚪᚾᛞ-ᛖᛗᛖᚱᚷᛖ

PARABLE  LICE  THE  INSTAR  TUNNEL(I)NG  TO  THE  SURFACE  WE  MUST  SHED  OUR  OWN  CIRCUMFERENCES  FIND  THE  DIUINITE  WITHIN  AND  EMERGE

43,97,11,97,61,73,67,  73,31,13,67,  5,67,  31,29,53,59,97,11,  59,3,29,29,67,73,79,  59,7,  5,67,  53,3,11,2,97,13,67,  19,67,  71,3,53,59,  53,23,67,89,  7,3,11,  7,19,29,  13,31,11,13,3,71,2,67,11,67,29,13,67,53,  2,31,29,89,  5,67,  89,31,3,31,29,31,59,67,  19,31,5,31,29,  97,29,89,  67,71,67,11,17,67

449, 184, 72, 280, 339, 66, 72, 246, 86, 186, 232, 21, 55, 451, 151, 72, 340, 115, 215, 300

14,25,5,25,18,21,19,21,11,6,19,3,19,11,10,16,17,25,5,17,2,10,10,19,21,22,17,4,3,19,16,2,5,1,25,6,19,8,19,20,2,16,17,16,9,19,24,4,2,5,4,8,10,6,11,5,6,2,20,1,19,5,19,10,6,19,16,1,11,10,24,3,19,24,11,2,11,10,11,17,27,8,11,3,11,10,25,10,24,19,20,19,5,7,19